面板1
PDF标注号                          输出对应代码行号
    1                                       105
    2                                       107
    3                                       109
    4                                       111
    13                                     254
    14                                     255
    15                                      256
    16                                      257
面板2
PDF标注号                          对应代码行号
   1                                      147
   2                                       148
    3                                       149
    4                                       150
    5                                       171
    6                                      
    7                                      172
    8                                       173
    9                                      174
    10                                     175
    11                                     176
    12                                     177
    13                                      183
    14                                     184
    15                                      185
    16                                     186
    17                                      147